0 69 1743
1 59 1472
2 60 1184
3 64 1152
4 66 1160
5 65 1157
6 66 1152
7 70 1155
8 74 1160
9 77 1162
10 78 1167
11 105 1203
12 99 1195
13 101 1191
14 88 1174
15 88 1177
16 88 1176
17 97 1188
18 98 1193
19 99 1195
20 104 1194
21 107 1201
22 90 1179
23 91 1180
24 106 1197
25 118 1204
26 119 1209
27 121 1211
28 123 1210
29 100 1192
30 126 1221
31 130 1219
32 132 1222
33 161 1253
34 148 1236
35 138 1224
36 153 1247
37 155 1249
38 158 1250
39 163 1254
40 151 1245
41 149 1244
42 135 1223
43 153 1241
44 155 1242
45 154 1245
46 162 1247
47 143 1224
48 165 1255
49 166 1257
50 169 1260
51 149 1239
52 166 1249
53 170 1255
54 157 1245
55 157 1240
56 155 1240
57 157 1244
58 150 1235
59 179 1266
60 163 1247
61 181 1271
62 202 1290
63 157 1241
64 189 1276
65 166 1259
66 163 1241
67 179 1264
68 195 1283
69 197 1285
70 198 1286
71 194 1280
72 202 1290
73 197 1284
74 203 1289
75 202 1290
76 193 1279
77 208 1298
78 209 1300
79 195 1282
80 200 1278
81 181 1262
82 184 1269
83 217 1308
84 226 1320
85 219 1309
86 224 1312
87 208 1297
88 226 1315
89 198 1283
90 225 1312
91 215 1308
92 231 1312
93 231 1332
94 220 1308
95 190 1278
96 204 1290
97 222 1303
98 218 1305
99 215 1308
100 218 1308
